//Exported ASCII-File
[Header]
FileName = C:\Users\reoml\Desktop\Mestrado\mapa raman\Mapa Raman_GO e rGO.WIP
ImageName = Scan_000_Spec.Data 1_F: Min & Max -> Maximum [1490.1 rel. 1/cm -> 1677 rel. 1/cm]
PointsPerLine = 61
LinesPerImage = 61
ScanUnit = µm
ScanWidth = 30
ScanHeight = 30
ScanOriginX = -18.2950000762939
ScanOriginY = -4.44199991226196
ScanOriginZ = 0
DataUnit = CCD cts
[Data]
 3.40607E+00	 6.82804E-01	 2.58678E+00	 2.71869E+00	 2.57674E+00	 5.95829E+00	 4.39835E+00	 2.46873E+00	 5.50000E+00	 3.93568E+00	 3.92483E+00	 2.04801E+00	 1.95520E+00	 3.50000E+00	 2.65614E+00	 3.19370E+00	 3.21714E+00	 3.71734E+00	 1.91228E+00	 1.67483E+00	 3.25229E+00	 2.33613E+00	 1.61949E+00	 2.76734E+00	 4.33950E+00	 1.96158E+00	 3.40034E+00	 4.13367E+00	 2.97182E+00	 2.85722E+00	 2.68029E+00	 3.35722E+00	 2.87346E+00	 3.07035E+00	 2.08904E+00	 1.97439E+00	 2.23719E+00	 3.51281E+00	 9.56185E-01	 3.03840E+00	 4.02612E+00	 2.50065E+00	 3.45206E+00	 8.85506E+00	 1.34522E+01	 1.57992E+01	 4.77623E+00	 2.93598E+00	 1.58295E+00	 2.50000E+00	 3.48357E+00	 3.59499E+00	 1.95928E+00	 2.05525E+00	 2.81387E+00	 4.14683E+00	 3.00000E+00	 2.52562E+00	 3.75000E+00	 3.63951E+00	 5.23849E+00
 2.75000E+00	 3.21799E+00	 3.07139E+00	 2.15043E+00	 3.00000E+00	 2.15500E+02	 7.94321E+01	 3.22098E+00	 1.47951E+01	 1.28199E+01	 5.19995E+00	 1.88714E+00	 2.21871E+00	 2.22936E+00	 2.44840E+00	 2.79893E+00	 3.34653E+00	 1.84938E+00	 3.02504E+00	 1.69881E+00	 2.73400E+00	 3.20199E+00	 2.72936E+00	 3.68111E+00	 3.80750E+00	 3.75000E+00	 3.72182E+00	 2.28201E+00	 3.59404E+00	 2.70307E+00	 3.13735E+00	 2.36198E+00	 1.74360E+00	 3.04332E+00	 3.59309E+00	 2.25000E+00	 3.03863E+00	 2.60053E+00	 2.31208E+00	 2.72415E+00	 3.10912E+00	 3.01734E+00	 2.76677E+00	 3.18728E+00	 1.71869E+00	 3.37899E+00	 1.86790E+00	 3.52585E+00	 3.28332E+00	 3.56585E+00	 4.42492E+00	 3.19881E+00	 2.22121E+00	 2.32216E+00	 2.71648E+00	 2.64432E+00	 3.30488E+00	 4.38085E+00	 5.19569E+00	 4.41688E+00	 1.90061E+01
 2.19365E+00	 2.46799E+00	 2.99482E+00	 1.73123E+00	 3.76600E+00	 5.81044E+00	 1.31516E+01	 2.03244E+01	 2.74754E+01	 1.60409E+01	 4.39413E+00	 2.73683E+00	 2.89315E+00	 6.40253E+00	 4.78296E+00	 2.77416E+00	 2.97302E+00	 3.00000E+00	 1.81787E+00	 1.89646E+00	 2.60657E+00	 2.48405E+00	 1.46869E+00	 2.16997E+00	 1.58525E+00	 1.45300E+00	 3.07774E+00	 2.74062E+00	 1.21163E+00	 3.40578E+00	 2.42488E+00	 2.42488E+00	 1.73719E+00	 1.41547E+00	 2.31787E+00	 2.96246E+00	 2.66477E+00	 2.50000E+00	 3.31705E+00	 2.09387E+00	 1.71799E+00	 3.00000E+00	 2.21799E+00	 2.75000E+00	 3.58524E+00	 3.94368E+00	 3.41590E+00	 2.49039E+00	 2.78082E+00	 2.89101E+00	 3.07718E+00	 2.69239E+00	 2.02022E+00	 2.39483E+00	 2.69239E+00	 1.12747E+00	 1.99039E+00	 2.39683E+00	 2.68744E+00	 2.47442E+00	 2.37253E+00
 3.50000E+00	 3.29297E+00	 2.36858E+00	 2.40319E+00	 2.35685E+00	 9.58668E+00	 1.45103E+01	 1.84849E+01	 2.41611E+01	 1.35397E+01	 4.31185E+00	 3.12487E+00	 3.50000E+00	 7.36830E+00	 8.67846E+00	 3.98654E+00	 2.98654E+00	 2.64900E+00	 1.29943E+00	 2.33613E+00	 1.04654E+01	 1.07154E+01	 4.88102E+00	 9.27623E+00	 9.84787E+00	 2.13500E+00	 1.86797E+00	 1.79550E+00	 1.84662E+00	 2.43597E+00	 1.96482E+00	 2.19368E+00	 2.12783E+00	 1.75000E+00	 2.75000E+00	 2.31044E+00	 3.07372E+00	 2.33711E+00	 2.46869E+00	 2.43728E+00	 2.59404E+00	 2.25640E+00	 3.52504E+00	 2.62480E+00	 2.32776E+00	 3.97497E+00	 1.72118E+00	 2.96798E+00	 2.00000E+00	 2.24202E+00	 1.95614E+00	 2.72497E+00	 1.47497E+00	 1.47185E+00	 2.18744E+00	 1.86049E+00	 2.72182E+00	 2.43603E+00	 2.44986E+00	 2.48719E+00	 2.25000E+00
 3.11633E+00	 2.30119E+00	 1.95308E+00	 1.98124E+00	 2.37346E+00	 2.59464E+00	 5.88461E+00	 5.65495E+00	 4.74572E+00	 2.42469E+00	 3.02408E+00	 1.99203E+00	 3.25000E+00	 2.00000E+00	 1.74161E+00	 1.99375E+00	 2.07417E+00	 2.16209E+00	 2.62734E+00	 9.87136E+00	 2.44631E+01	 2.37417E+01	 8.46575E+00	 4.46575E+00	 4.46137E+00	 3.23123E+00	 2.46798E+00	 2.06193E+00	 2.71034E+00	 3.16237E+00	 2.72809E+00	 7.50000E-01	 1.73400E+00	 2.21798E+00	 2.35369E+00	 5.63461E+00	 7.52070E+00	 3.77070E+00	 1.59345E+00	 1.96869E+00	 2.33706E+00	 2.16998E+00	 2.23749E+00	 1.84938E+00	 2.67469E+00	 3.47441E+00	 3.30758E+00	 2.80758E+00	 1.75000E+00	 3.00000E+00	 1.85369E+00	 3.46799E+00	 2.69840E+00	 2.50000E+00	 2.57674E+00	 1.96871E+00	 2.66143E+00	 3.22864E+00	 2.06185E+00	 1.73749E+00	 2.91547E+00
 2.17740E+00	 2.55005E+00	 2.32510E+00	 2.49375E+00	 3.44357E+00	 2.40893E+00	 8.85506E+00	 3.33930E+00	 1.88367E+00	 2.13999E+00	 2.75000E+00	 2.17226E+00	 2.96242E+00	 2.10225E+00	 5.00000E-01	 1.91209E+00	 2.45080E+00	 3.03583E+00	 3.05525E+00	 5.09957E+00	 1.11071E+01	 6.95215E+00	 1.28202E+00	 3.44179E+00	 2.41834E+00	 3.96869E+00	 2.47497E+00	 1.75000E+00	 2.75000E+00	 3.40101E+00	 3.44887E+00	 1.22439E+00	 2.98436E+00	 4.06208E+00	 3.47496E+00	 1.92488E+00	 3.12783E+00	 2.82455E+00	 2.64047E+00	 1.93738E+00	 2.90607E+00	 2.78198E+00	 3.22439E+00	 2.00000E+00	 1.60848E+00	 2.44878E+00	 1.50000E+00	 1.50000E+00	 2.25000E+00	 1.68617E+00	 3.23357E+00	 3.25000E+00	 1.50000E+00	 2.67326E+00	 2.83161E+00	 3.25000E+00	 1.92226E+00	 2.19368E+00	 2.18111E+00	 1.75000E+00	 1.21163E+00
 3.25000E+00	 4.70197E+00	 4.34966E+00	 2.79475E+00	 2.62253E+00	 2.24836E+00	 3.92784E+00	 2.86633E+00	 2.21242E+00	 3.34248E+00	 1.96871E+00	 2.66524E+00	 2.98123E+00	 2.37311E+00	 1.99572E+00	 1.87476E+00	 1.81901E+00	 2.00000E+00	 2.70844E+00	 2.87747E+00	 4.34662E+00	 2.23323E+00	 1.85469E+00	 1.88085E+00	 3.03930E+00	 2.16952E+00	 1.98124E+00	 2.19357E+00	 2.43280E+00	 3.45703E+00	 3.04732E+00	 1.45525E+00	 3.68280E+00	 2.85953E+00	 1.75000E+00	 2.12418E+00	 2.70197E+00	 1.96158E+00	 1.90101E+00	 3.31901E+00	 2.95703E+00	 3.15578E+00	 1.71242E+00	 4.48811E-01	 2.26791E+00	 1.98154E+00	 2.42226E+00	 3.00938E+00	 2.89646E+00	 2.70525E+00	 3.71160E+00	 2.23749E+00	 3.03696E+00	 1.95525E+00	 1.47760E+00	 1.66363E+00	 1.71163E+00	 2.56257E+00	 3.25000E+00	 2.50000E+00	 3.10354E+00
 2.65043E+00	 1.93414E+00	 2.27022E+00	 1.95199E+00	 2.23569E+00	 3.49482E+00	 3.03332E+00	 2.73749E+00	 3.23080E+00	 5.80635E+00	 2.50000E+00	 2.97438E+00	 2.86275E+00	 2.42659E+00	 2.43744E+00	 3.43743E+00	 2.67357E+00	 3.35722E+00	 2.27147E+00	 2.47680E+00	 2.92098E+00	 3.23749E+00	 2.17965E+00	 2.35899E+00	 3.30329E+00	 1.50000E+00	 3.65596E+00	 3.18205E+00	 2.32023E+00	 3.10238E+00	 1.98749E+00	 2.33376E+00	 3.12311E+00	 7.22302E+00	 5.01922E+00	 2.12783E+00	 1.89680E+00	 2.24062E+00	 3.18295E+00	 2.26068E+00	 2.21242E+00	 4.60921E+00	 4.02815E+00	 2.78332E+00	 2.92900E+00	 3.42608E+00	 2.45199E+00	 3.38215E+00	 2.08923E+00	 1.92226E+00	 3.36841E+00	 1.60568E+00	 2.74671E+00	 2.39736E+00	 3.46240E+00	 3.31272E+00	 1.66475E+00	 3.59107E+00	 2.20308E+00	 3.62226E+00	 1.75000E+00
 9.62467E-01	 2.00000E+00	 3.68428E+00	 2.55525E+00	 3.48079E+00	 2.88849E+00	 4.02429E+00	 4.24572E+00	 3.49572E+00	 2.30821E+00	 3.30348E+00	 3.25000E+00	 2.41241E+00	 1.91049E+00	 2.13683E+00	 3.34938E+00	 3.54700E+00	 3.29700E+00	 3.66705E+00	 2.71871E+00	 3.00000E+00	 3.26068E+00	 1.78758E+00	 2.10605E+00	 3.25000E+00	 2.42023E+00	 3.50000E+00	 2.49062E+00	 1.75000E+00	 3.37468E+00	 5.73410E+00	 3.50000E+00	 4.25000E+00	 2.40744E+01	 1.72962E+01	 6.23655E+00	 1.94881E+00	 3.22121E+00	 2.86841E+00	 2.95307E+00	 3.28352E+00	 2.56397E+00	 3.02156E+00	 4.69791E+00	 9.28279E+00	 4.21734E+00	 2.92250E+00	 2.50000E+00	 2.17965E+00	 4.19887E+00	 1.23749E+00	 3.56720E+00	 8.74178E+00	 2.03540E+01	 1.40306E+01	 3.27449E+00	 2.38725E+00	 2.42068E+00	 2.95308E+00	 2.48691E+00	 1.86198E+00
 1.95307E+00	 3.15613E+00	 1.72121E+00	 3.57977E+00	 2.18099E+00	 8.03057E+00	 1.67608E+01	 2.28288E+01	 1.49836E+01	 5.08048E+00	 3.77001E+00	 2.83951E+00	 4.12544E+00	 2.23719E+00	 2.50000E+00	 3.95871E+00	 2.63735E+00	 3.25000E+00	 2.97809E+00	 2.70844E+00	 3.42945E+00	 2.43449E+00	 3.00000E+00	 2.15752E+00	 3.34196E+00	 3.64683E+00	 4.74342E+00	 4.31185E+00	 2.00000E+00	 3.75518E+00	 8.26769E+00	 9.85402E+00	 4.02202E+00	 1.34724E+01	 1.00920E+01	 2.08048E+00	 2.09008E+00	 2.18844E+00	 2.48654E+00	 3.04732E+00	 2.00000E+00	 3.21494E+00	 2.21871E+00	 4.65893E+00	 4.42874E+00	 2.74414E+00	 2.25000E+00	 1.50000E+00	 2.40399E+00	 2.50000E+00	 3.29794E+00	 2.25000E+00	 3.72936E+00	 7.62311E+00	 8.39146E+00	 4.43040E+00	 3.40893E+00	 2.16096E+00	 2.75000E+00	 4.66574E+00	 7.06935E+00
 2.22809E+00	 2.74437E+00	 2.18603E+00	 2.39315E+00	 3.51281E+00	 1.08418E+01	 2.01762E+01	 2.67498E+01	 1.80569E+01	 6.61830E+00	 2.50000E+00	 1.50000E+00	 1.56272E+00	 2.10953E+00	 2.97185E+00	 1.75000E+00	 2.25000E+00	 1.60225E+00	 1.75000E+00	 2.43956E+00	 2.50000E+00	 2.95080E+00	 3.49885E+00	 3.14046E+00	 1.02447E+01	 2.08261E+01	 1.85383E+01	 9.49466E+00	 2.75000E+00	 2.18111E+00	 2.49360E+00	 2.68743E+00	 1.98079E+00	 2.24453E+00	 2.50000E+00	 2.35053E+00	 2.00000E+00	 4.35834E+00	 4.04366E+00	 4.45708E+00	 3.80525E+00	 3.36510E+00	 2.91705E+00	 2.96385E+00	 3.16294E+00	 2.50000E+00	 2.50000E+00	 1.75000E+00	 2.52191E+00	 3.33071E+00	 2.94370E+00	 2.66705E+00	 2.63532E+00	 2.68738E+00	 2.83295E+00	 2.50000E+00	 2.25000E+00	 2.38500E+00	 4.23655E+00	 1.24751E+01	 1.37336E+01
 3.11949E+00	 2.71158E+00	 1.73749E+00	 3.17273E+00	 3.43295E+00	 2.49039E+00	 6.49144E+00	 6.98288E+00	 4.52889E+00	 1.71734E+00	 2.60482E+00	 1.20928E+00	 2.07726E+00	 1.98899E+00	 1.91952E+00	 2.00000E+00	 2.48719E+00	 2.39101E+00	 2.25000E+00	 2.21555E+00	 2.50000E+00	 1.66050E+00	 3.55014E+00	 2.11198E+00	 5.60834E+00	 2.10397E+01	 2.42286E+01	 1.01782E+01	 2.73405E+00	 3.26463E+00	 6.14315E+00	 4.57260E+00	 3.44475E+00	 3.06432E+00	 3.24063E+00	 4.26734E+00	 2.46246E+00	 2.30869E+00	 2.69986E+00	 2.80600E+00	 2.50000E+00	 2.41363E+00	 3.89137E+00	 3.89137E+00	 2.52202E+00	 2.42154E+00	 2.58161E+00	 2.77022E+00	 1.91041E+00	 2.28332E+00	 2.60953E+00	 2.53630E+00	 1.75000E+00	 2.27429E+00	 2.92490E+00	 2.65613E+00	 1.56572E+00	 2.61703E+00	 2.91096E+00	 7.98769E+00	 1.24598E+01
 1.58525E+00	 2.53467E+00	 3.19995E+00	 3.31705E+00	 4.38999E+00	 6.22661E+00	 7.56062E+00	 4.54815E+00	 3.94877E+00	 2.73749E+00	 1.85605E+00	 2.65405E+00	 3.05643E+00	 2.03332E+00	 1.73719E+00	 2.50000E+00	 2.32341E+00	 2.50000E+00	 2.75000E+00	 2.37101E+00	 1.93744E+00	 1.43744E+00	 3.27240E+00	 1.72182E+00	 2.22252E+00	 2.99623E+00	 4.16049E+00	 2.97302E+00	 3.36221E+00	 2.93111E+00	 1.38605E+01	 2.61856E+01	 2.81234E+01	 2.28767E+01	 1.14877E+01	 4.70738E+00	 2.20206E+00	 7.50000E-01	 1.94131E+00	 1.80488E+00	 1.73123E+00	 1.64984E+00	 3.27504E+00	 2.56889E+00	 2.64835E+00	 1.95214E+00	 2.12863E+00	 2.59653E+00	 1.69995E+00	 2.00000E+00	 1.93792E+00	 2.08145E+00	 2.00000E+00	 2.31214E+00	 2.21871E+00	 2.62899E+00	 1.67965E+00	 1.74039E+00	 2.74671E+00	 3.35500E+00	 1.09815E+01
 2.97498E+00	 8.71309E+01	 1.61631E+02	 2.36221E+00	 2.34957E+00	 2.75000E+00	 3.40253E+00	 2.92250E+00	 1.74375E+00	 2.25000E+00	 3.71304E+00	 3.05329E+00	 2.23719E+00	 1.49360E+00	 1.94239E+00	 1.19242E+00	 2.00000E+00	 2.64152E+00	 2.73123E+00	 2.21482E+00	 2.42965E+00	 2.30840E+00	 1.99375E+00	 3.08523E+00	 2.88730E+00	 2.21871E+00	 1.00000E+00	 3.06107E+00	 3.08180E+00	 2.31185E+00	 4.50000E+00	 3.48209E+00	 3.80525E+00	 1.64343E+00	 2.22798E+00	 1.54600E+00	 2.37544E+00	 2.31402E+00	 2.67140E+00	 2.94297E+00	 2.34588E+00	 1.87456E+00	 1.75000E+00	 2.38849E+00	 1.63573E+00	 1.88735E+00	 1.64762E+00	 2.92322E+00	 2.93111E+00	 2.20115E+00	 1.47185E+00	 1.74062E+00	 3.30643E+00	 3.51734E+00	 2.75991E+00	 2.62346E+00	 7.50000E-01	 2.08312E+00	 9.74959E-01	 1.91322E+00	 3.03966E+00
 3.10953E+00	 2.52604E+00	 2.96799E+00	 2.05810E+00	 2.71160E+00	 1.94569E+00	 2.27202E+00	 3.65101E+00	 3.90101E+00	 2.66855E+00	 1.40600E+00	 1.47439E+00	 2.50000E+00	 2.55600E+00	 2.36151E+00	 2.42483E+00	 2.50000E+00	 2.08711E+00	 2.00000E+00	 3.11856E+00	 2.44995E+00	 2.68099E+00	 1.92023E+00	 2.42488E+00	 2.26921E+00	 2.40062E+00	 2.50000E+00	 2.91688E+00	 3.22809E+00	 3.21871E+00	 2.10722E+00	 1.54943E+00	 1.93428E+00	 1.56214E+00	 2.94881E+00	 2.44881E+00	 2.19365E+00	 1.90600E+00	 2.50000E+00	 2.22809E+00	 2.47809E+00	 2.33180E+00	 2.74062E+00	 3.46247E+00	 2.44995E+00	 2.58613E+00	 3.00000E+00	 1.69365E+00	 1.79893E+00	 3.00000E+00	 2.45520E+00	 1.52202E+00	 3.35354E+00	 7.31044E+00	 9.35402E+00	 5.20302E+00	 2.84014E+00	 2.50000E+00	 1.73080E+00	 1.71242E+00	 2.77585E+00
 1.51035E+00	 3.20956E+00	 3.97798E+00	 2.89381E+00	 2.41855E+00	 2.15955E+00	 1.44475E+00	 2.15600E+00	 1.87532E+00	 3.11079E+00	 2.05160E+00	 2.95206E+00	 2.00428E+00	 1.52064E+00	 3.27022E+00	 3.16237E+00	 1.65607E+00	 3.14343E+00	 3.59653E+00	 3.64631E+00	 2.69250E+00	 1.69671E+00	 3.98357E+00	 3.02879E+00	 2.82750E+00	 3.00000E+00	 3.44604E+00	 2.43428E+00	 1.56934E+00	 2.87226E+00	 2.13367E+00	 3.19992E+00	 2.97680E+00	 2.42861E+00	 2.78057E+00	 2.69707E+00	 2.13714E+00	 2.47827E+00	 2.53583E+00	 2.62253E+00	 2.42341E+00	 2.16547E+00	 4.16294E+00	 3.98123E+00	 2.71873E+00	 2.72498E+00	 2.50000E+00	 1.92965E+00	 1.49062E+00	 3.58048E+00	 2.38725E+00	 3.47396E+00	 3.16070E+00	 3.00000E+00	 4.88367E+00	 3.81889E+00	 2.86590E+00	 1.72439E+00	 2.68428E+00	 1.75640E+00	 2.89984E+00
 2.75000E+00	 1.98899E+00	 2.87747E+00	 3.00640E+00	 3.69759E+00	 2.17319E+00	 2.52064E+00	 1.98123E+00	 1.58613E+00	 2.33613E+00	 3.04600E+00	 1.22496E+00	 2.32512E+00	 2.47439E+00	 1.81199E+00	 3.52998E+00	 3.41997E+00	 2.14835E+00	 2.93743E+00	 1.66855E+00	 2.59565E+00	 1.71137E+00	 3.06402E+00	 2.75000E+00	 2.77976E+00	 2.82023E+00	 4.87783E+00	 5.38367E+00	 1.56705E+00	 3.46734E+00	 3.14152E+00	 2.41387E+00	 3.61633E+00	 4.18556E+00	 5.34196E+00	 1.71871E+00	 2.16294E+00	 3.33071E+00	 2.75000E+00	 2.09565E+00	 2.46304E+00	 2.45871E+00	 2.23080E+00	 2.55241E+00	 2.36516E+00	 3.67483E+00	 1.61949E+00	 3.00000E+00	 2.83166E+00	 3.50000E+00	 2.35722E+00	 3.00000E+00	 3.40262E+00	 2.65262E+00	 3.34883E+00	 2.13484E+00	 1.64683E+00	 3.13367E+00	 1.86856E+00	 2.67068E+00	 3.00000E+00
 2.32774E+00	 3.66929E+00	 1.88367E+00	 2.09107E+00	 1.37476E+00	 1.91855E+00	 2.52504E+00	 2.25000E+00	 3.00000E+00	 4.15955E+00	 2.17023E+00	 2.79648E+00	 1.20619E+00	 2.68738E+00	 3.25000E+00	 2.48079E+00	 2.80635E+00	 3.25000E+00	 2.25000E+00	 2.48180E+00	 3.72185E+00	 2.07977E+00	 1.65034E+00	 2.32750E+00	 2.78131E+00	 2.20738E+00	 3.82128E+00	 3.25000E+00	 4.11317E+00	 2.48124E+00	 2.62476E+00	 2.29213E+00	 3.13085E+00	 2.75798E+00	 3.25000E+00	 3.66049E+00	 2.34422E+00	 3.20909E+00	 4.16041E+00	 2.45844E+00	 2.16855E+00	 3.17226E+00	 1.82750E+00	 2.85317E+00	 2.31551E+00	 2.23719E+00	 4.81901E+00	 3.09957E+00	 2.39140E+00	 3.74414E+00	 4.16387E+00	 2.87582E+00	 2.42341E+00	 1.95206E+00	 2.20352E+00	 1.79386E+00	 2.25566E+00	 1.87476E+00	 2.28755E+00	 2.63500E+00	 2.32750E+00
 3.50000E+00	 3.27626E+00	 3.21943E+00	 1.75000E+00	 2.66070E+00	 2.75000E+00	 3.45619E+00	 3.14046E+00	 1.91237E+00	 2.60899E+00	 2.43641E+00	 3.60317E+00	 2.40399E+00	 3.19569E+00	 2.64483E+00	 2.34008E+00	 7.06138E-01	 1.98123E+00	 2.71734E+00	 3.94242E+00	 2.01820E+00	 2.22138E+00	 2.07455E+00	 3.06044E+00	 4.66547E+00	 1.95928E+00	 1.62203E+00	 3.48209E+00	 6.48154E+00	 2.98400E+00	 2.44995E+00	 4.50000E+00	 2.69887E+00	 2.64229E+00	 2.23079E+00	 2.88439E+00	 2.55755E+00	 4.75000E+00	 4.38367E+00	 3.24039E+00	 1.88500E+00	 2.48899E+00	 1.98719E+00	 2.72118E+00	 2.27585E+00	 2.83071E+00	 2.95871E+00	 3.04794E+00	 1.72497E+00	 3.10053E+00	 1.96802E+00	 3.18762E+00	 2.50000E+00	 4.00000E+00	 3.82471E+00	 2.36199E+00	 4.00937E+00	 2.63725E+00	 2.51405E+00	 3.58476E+00	 1.89343E+00
 5.03332E+00	 2.46370E+00	 2.84665E+00	 1.46668E+00	 2.09662E+00	 5.05241E+00	 1.07806E+01	 6.72138E+00	 3.64683E+00	 2.25000E+00	 2.03129E+00	 2.09957E+00	 1.62226E+00	 3.06585E+00	 3.29600E+00	 1.75000E+00	 3.00000E+00	 1.73436E+00	 1.61270E+00	 2.88683E+00	 1.73749E+00	 2.19239E+00	 2.67861E+00	 2.06402E+00	 2.32339E+00	 2.39152E+00	 2.98654E+00	 1.94365E+00	 3.05160E+00	 2.94239E+00	 2.09899E+00	 2.02240E+00	 3.88714E+00	 3.26311E+00	 2.78467E+00	 2.83772E+00	 1.80816E+00	 2.91070E+00	 1.94604E+00	 3.00000E+00	 2.42965E+00	 2.73436E+00	 3.74273E+00	 3.17989E+00	 3.32260E+00	 5.18568E+00	 3.49375E+00	 3.10354E+00	 2.71246E+00	 2.18111E+00	 2.82674E+00	 2.33312E+00	 4.25000E+00	 6.52841E+00	 6.28211E+00	 5.91096E+00	 2.80869E+00	 2.05840E+00	 3.87485E+00	 2.47497E+00	 2.73749E+00
 1.29686E+01	 7.82708E+00	 2.90613E+00	 2.19357E+00	 2.50000E+00	 5.53467E+00	 9.88869E+00	 1.12897E+01	 1.00215E+01	 6.61253E+00	 2.78057E+00	 2.26791E+00	 2.57139E+00	 2.95787E+00	 1.94995E+00	 2.20928E+00	 2.70520E+00	 1.75000E+00	 1.97182E+00	 2.78467E+00	 3.36049E+00	 2.20928E+00	 2.50000E+00	 2.98080E+00	 2.49062E+00	 2.20206E+00	 1.25000E+00	 2.22302E+00	 2.70619E+00	 2.47497E+00	 2.33613E+00	 2.91077E+00	 2.23124E+00	 2.59404E+00	 2.72936E+00	 2.29648E+00	 3.13730E+00	 2.90495E+00	 2.68728E+00	 2.17488E+00	 2.00566E+00	 3.35500E+00	 8.50513E+00	 1.13184E+01	 1.10684E+01	 1.02414E+01	 6.14152E+00	 3.27366E+00	 1.97936E+00	 1.23654E+00	 1.43738E+00	 1.78630E+00	 6.07492E+00	 1.10328E+01	 1.51695E+01	 1.21055E+01	 7.95871E+00	 3.01734E+00	 3.68744E+00	 2.05113E+00	 2.84045E+00
 4.89947E+00	 2.25000E+00	 2.89971E+00	 2.75000E+00	 7.28304E+00	 1.18271E+01	 1.15797E+01	 1.35224E+01	 1.01966E+01	 7.83933E+00	 4.05241E+00	 2.25000E+00	 3.50000E+00	 2.90600E+00	 1.75000E+00	 1.69242E+00	 2.18099E+00	 2.16070E+00	 1.92483E+00	 2.39046E+00	 2.60890E+00	 3.01101E+00	 3.50000E+00	 2.59045E+00	 1.99375E+00	 2.48749E+00	 2.42492E+00	 1.50000E+00	 1.66855E+00	 1.98080E+00	 1.96245E+00	 2.57502E+00	 2.07455E+00	 2.39047E+00	 2.70308E+00	 1.97809E+00	 1.67154E+00	 2.65101E+00	 3.00000E+00	 1.75000E+00	 3.10568E+00	 3.74836E+00	 5.50000E+00	 8.80201E+00	 1.11857E+01	 7.62311E+00	 3.37311E+00	 1.70787E+00	 2.23899E+00	 2.85848E+00	 2.17861E+00	 2.02408E+00	 7.73147E+00	 1.33973E+01	 1.35062E+01	 1.17724E+01	 7.74466E+00	 3.19840E+00	 3.00000E+00	 3.51734E+00	 1.92154E+00
 2.24836E+00	 2.28863E+00	 7.43746E-01	 2.13849E+00	 4.87418E+00	 9.34787E+00	 1.04450E+01	 1.00578E+01	 1.04157E+01	 7.29815E+00	 2.79297E+00	 2.63490E+00	 2.54386E+00	 2.60116E+00	 2.21247E+00	 1.98123E+00	 2.71034E+00	 1.22182E+00	 3.20634E+00	 2.91820E+00	 2.37582E+00	 3.15398E+00	 2.17583E+00	 2.69370E+00	 2.70308E+00	 1.75000E+00	 1.95206E+00	 1.67488E+00	 1.72496E+00	 2.38801E+00	 2.69242E+00	 1.93428E+00	 2.50000E+00	 1.40262E+00	 2.50000E+00	 2.02879E+00	 2.61841E+00	 1.74671E+00	 2.64683E+00	 2.92659E+00	 2.05810E+00	 2.27001E+00	 2.37207E+00	 2.31383E+00	 2.65752E+00	 2.55235E+00	 2.61703E+00	 2.67341E+00	 1.71482E+00	 1.75000E+00	 1.86785E+00	 1.74062E+00	 4.23626E+00	 7.30600E+00	 8.12785E+00	 7.19573E+00	 2.97098E+00	 3.83594E+00	 2.92861E+00	 2.96158E+00	 1.44671E+00
 2.59248E+00	 1.99039E+00	 1.87532E+00	 2.73080E+00	 2.92068E+00	 4.52463E+00	 6.25000E+00	 5.25000E+00	 4.32417E+00	 3.13203E+00	 2.60264E+00	 1.93598E+00	 3.97182E+00	 2.57216E+00	 1.81359E+00	 1.98080E+00	 1.55241E+00	 3.61785E+00	 2.43743E+00	 2.75000E+00	 2.46160E+00	 2.25000E+00	 3.10568E+00	 1.49375E+00	 1.76431E+00	 2.45703E+00	 1.92490E+00	 1.59966E+00	 1.28966E+00	 2.27191E+00	 2.12266E+00	 1.00000E+00	 2.13573E+00	 2.43205E+00	 1.75000E+00	 2.54129E+00	 2.50000E+00	 2.64343E+00	 2.75000E+00	 2.91524E+00	 3.50000E+00	 3.00586E+00	 1.24062E+00	 2.65412E+00	 1.59653E+00	 1.96163E+00	 2.59045E+00	 2.48400E+00	 1.71802E+00	 2.98123E+00	 1.22121E+00	 2.46417E+00	 1.95520E+00	 2.50000E+00	 3.61949E+00	 2.35568E+00	 1.88085E+00	 2.64046E+00	 2.46070E+00	 2.23079E+00	 1.47809E+00
 2.41997E+00	 1.04648E+00	 1.50000E+00	 3.50000E+00	 3.72760E+00	 3.19878E+00	 3.75000E+00	 2.83071E+00	 2.88849E+00	 2.57750E+00	 2.89683E+00	 2.75000E+00	 3.50000E+00	 3.88738E+00	 2.96370E+00	 3.63102E+00	 2.90955E+00	 2.23079E+00	 3.96668E+00	 4.12582E+00	 2.65347E+00	 2.47936E+00	 2.95622E+00	 3.75000E+00	 3.48405E+00	 2.59309E+00	 2.30758E+00	 2.53930E+00	 2.46668E+00	 2.57774E+00	 2.71246E+00	 2.25000E+00	 2.75000E+00	 3.19242E+00	 2.25000E+00	 2.24039E+00	 4.17965E+00	 1.71871E+00	 2.75000E+00	 2.76499E+00	 4.32139E+00	 2.22809E+00	 2.48080E+00	 2.46799E+00	 2.78201E+00	 2.05119E+00	 2.36329E+00	 2.14762E+00	 2.22438E+00	 3.46873E+00	 2.83711E+00	 1.23405E+00	 2.64947E+00	 2.75000E+00	 3.38951E+00	 3.18428E+00	 5.59196E+00	 7.19604E+00	 4.87266E+00	 2.11329E+00	 2.89762E+00
 3.08594E+00	 2.06504E+00	 1.25000E+00	 2.32659E+00	 1.96034E+00	 2.08161E+00	 2.37101E+00	 1.51877E+00	 2.20525E+00	 2.05750E+00	 2.72978E+00	 2.21494E+00	 2.02503E+00	 3.13801E+00	 2.41387E+00	 2.33048E+00	 3.20400E+00	 2.75000E+00	 2.34008E+00	 1.72439E+00	 2.04381E+00	 1.22121E+00	 1.19365E+00	 1.77429E+00	 3.87532E+00	 2.50000E+00	 3.83071E+00	 3.54467E+00	 7.27416E+00	 9.22098E+00	 1.04678E+01	 6.03057E+00	 4.41209E+00	 3.41820E+00	 3.25000E+00	 2.43099E+00	 2.33476E+00	 2.16834E+00	 2.17945E+00	 4.51921E+00	 2.47256E+00	 1.75000E+00	 2.82035E+00	 1.59938E+00	 1.54297E+00	 2.32846E+00	 2.43280E+00	 2.45307E+00	 1.96871E+00	 2.34975E+00	 1.49360E+00	 2.63490E+00	 3.25000E+00	 6.16574E+00	 8.40720E+00	 1.08305E+01	 1.44446E+01	 1.37897E+01	 1.00288E+01	 3.41743E+00	 2.36707E+00
 3.42380E+00	 2.65893E+00	 4.42357E+00	 2.22441E+00	 2.86317E+00	 2.93728E+00	 1.96869E+00	 3.35165E+00	 2.45300E+00	 4.13921E+00	 2.42659E+00	 1.47498E+00	 1.61198E+00	 5.10722E+00	 4.50267E+00	 5.94791E+00	 2.40668E+00	 3.36949E+00	 2.16701E+00	 2.67319E+00	 1.90405E+00	 2.94765E+00	 2.30525E+00	 3.97256E+00	 2.94159E+00	 3.75000E+00	 1.50000E+00	 2.69986E+00	 8.88461E+00	 8.74014E+00	 1.09872E+01	 9.15668E+00	 9.24144E+00	 6.67187E+00	 4.92047E+00	 2.77449E+00	 3.14984E+00	 2.16906E+00	 2.49532E+00	 1.74360E+00	 5.76311E+00	 4.89800E+00	 5.16524E+00	 3.47809E+00	 2.78201E+00	 2.10029E+00	 2.25000E+00	 3.05014E+00	 3.70308E+00	 4.98357E+00	 3.46157E+00	 4.72680E+00	 9.07611E+00	 1.38820E+01	 1.50619E+01	 1.69578E+01	 1.67788E+01	 1.78367E+01	 1.16652E+01	 3.52926E+00	 2.60482E+00
 2.87783E+00	 1.78686E+00	 1.70206E+00	 3.00164E+00	 2.28930E+00	 1.99360E+00	 2.94887E+00	 1.97441E+00	 1.48080E+00	 2.42492E+00	 2.23719E+00	 2.19887E+00	 6.89680E+00	 1.10668E+01	 1.35946E+01	 1.55693E+01	 9.64990E+00	 4.91834E+00	 4.23154E+00	 3.46668E+00	 2.50000E+00	 2.70525E+00	 2.42900E+00	 3.11633E+00	 3.19239E+00	 2.70928E+00	 1.96163E+00	 1.71137E+00	 3.41834E+00	 7.31836E+00	 9.24827E+00	 9.16743E+00	 1.01279E+01	 7.10890E+00	 5.58951E+00	 2.89483E+00	 2.48719E+00	 5.22936E+00	 3.96871E+00	 2.87234E+00	 8.22002E+00	 9.44995E+00	 5.90495E+00	 2.79943E+00	 2.51734E+00	 3.05600E+00	 2.75000E+00	 2.44245E+00	 2.68111E+00	 2.19652E+00	 2.26101E+00	 8.25000E+00	 1.20668E+01	 1.45925E+01	 1.65259E+01	 1.66567E+01	 1.59754E+01	 1.73499E+01	 1.15262E+01	 4.02366E+00	 3.67357E+00
 3.05758E+00	 2.46245E+00	 2.98266E+00	 1.74360E+00	 1.25000E+00	 2.03069E+00	 2.50000E+00	 2.48209E+00	 2.75000E+00	 1.75000E+00	 1.97121E+00	 3.88849E+00	 8.20302E+00	 1.14704E+01	 1.29024E+01	 1.22088E+01	 1.36705E+01	 7.89413E+00	 4.86198E+00	 2.75000E+00	 1.68744E+00	 1.94160E+00	 2.36317E+00	 1.96802E+00	 2.91524E+00	 2.77504E+00	 2.51920E+00	 2.47138E+00	 2.66070E+00	 2.93336E+00	 5.76405E+00	 7.00513E+00	 5.74827E+00	 3.88573E+00	 2.36317E+00	 2.21799E+00	 3.33048E+00	 1.96799E+00	 2.89518E+00	 2.44242E+00	 4.66839E+00	 8.39680E+00	 6.52698E+00	 4.16070E+00	 3.29381E+00	 2.79072E+00	 1.94995E+00	 1.39680E+00	 2.44365E+00	 2.25000E+00	 2.85354E+00	 3.00000E+00	 6.74836E+00	 1.00084E+01	 9.55908E+00	 1.11209E+01	 1.40242E+01	 1.44631E+01	 9.83523E+00	 4.20708E+00	 2.42861E+00
 1.67659E+00	 2.75798E+00	 4.63696E+00	 3.50000E+00	 2.47498E+00	 2.34565E+00	 3.50000E+00	 2.19239E+00	 2.18280E+00	 2.13173E+00	 1.39971E+00	 2.34309E+00	 2.95708E+00	 5.52416E+00	 5.16096E+00	 7.58994E+00	 8.70878E+00	 7.22252E+00	 4.25000E+00	 2.26431E+00	 2.51431E+00	 1.73266E+00	 2.25000E+00	 2.75000E+00	 1.53131E+00	 1.50000E+00	 2.22592E+00	 2.25000E+00	 2.00000E+00	 1.97497E+00	 3.36827E+00	 3.56044E+00	 3.53467E+00	 2.16855E+00	 2.42784E+00	 2.25000E+00	 1.77862E+00	 1.92583E+00	 1.48626E+00	 1.36841E+00	 1.99572E+00	 3.25000E+00	 3.15101E+00	 1.94877E+00	 3.14631E+00	 1.46163E+00	 1.98123E+00	 2.62137E+00	 1.73719E+00	 1.25000E+00	 2.60016E+00	 1.50000E+00	 2.61827E+00	 3.00000E+00	 4.81551E+00	 4.22396E+00	 5.33994E+00	 5.70708E+00	 4.87253E+00	 2.58410E+00	 2.52064E+00
 1.37456E+00	 1.91041E+00	 1.10334E+00	 1.25000E+00	 3.11468E+00	 2.88532E+00	 2.34248E+00	 1.94043E+00	 1.85771E+00	 1.85771E+00	 3.39666E+00	 3.23123E+00	 2.40607E+00	 2.00000E+00	 3.36633E+00	 2.54801E+00	 3.68893E+00	 4.25000E+00	 2.00000E+00	 1.51171E+00	 3.02585E+00	 4.36925E+00	 2.71734E+00	 2.66688E+00	 1.70844E+00	 1.94250E+00	 1.92341E+00	 3.18111E+00	 1.77408E+00	 1.73080E+00	 1.68743E+00	 2.93743E+00	 1.82139E+00	 3.08071E+00	 1.75000E+00	 1.80825E+00	 2.75000E+00	 1.96160E+00	 2.44400E+00	 2.57035E+00	 3.45622E+00	 3.58594E+00	 2.99951E+00	 5.20781E+00	 3.45738E+00	 2.11590E+00	 1.11797E+00	 1.23079E+00	 2.80329E+00	 1.68743E+00	 2.13410E+00	 2.56664E+00	 1.98400E+00	 2.69671E+00	 2.97441E+00	 2.98719E+00	 1.73719E+00	 1.89137E+00	 1.91688E+00	 2.92469E+00	 1.74062E+00
 1.92483E+00	 2.54480E+00	 2.13999E+00	 3.00000E+00	 5.09464E+00	 5.18414E+00	 3.84107E+00	 2.36575E+00	 1.00000E+00	 2.75000E+00	 2.75000E+00	 2.45525E+00	 2.72182E+00	 2.02612E+00	 1.86841E+00	 2.43744E+00	 2.75000E+00	 2.23400E+00	 1.82128E+00	 2.42068E+00	 4.92068E+00	 4.75000E+00	 4.36898E+00	 3.22844E+00	 1.75000E+00	 3.33772E+00	 2.23079E+00	 1.23719E+00	 2.48719E+00	 1.96242E+00	 1.47121E+00	 1.25000E+00	 2.88008E+00	 2.27173E+00	 2.00000E+00	 2.59787E+00	 2.00000E+00	 2.86949E+00	 2.55996E+00	 2.67493E+00	 2.98123E+00	 2.21158E+00	 3.19160E+00	 4.78057E+00	 4.75000E+00	 2.39315E+00	 1.94368E+00	 2.02240E+00	 2.91839E+00	 2.11049E+00	 1.48357E+00	 1.19992E+00	 2.37409E+02	 3.44909E+02	 1.89278E+00	 2.73899E+00	 3.50000E+00	 2.15893E+00	 2.17098E+00	 2.44297E+00	 2.82455E+00
 1.86001E+00	 3.50798E+00	 3.00000E+00	 4.04815E+00	 6.06935E+00	 5.81044E+00	 4.08994E+00	 3.07417E+00	 2.00000E+00	 2.85619E+00	 2.66547E+00	 2.27202E+00	 3.14800E+00	 3.13532E+00	 1.75000E+00	 1.21242E+00	 2.42341E+00	 1.00000E+00	 1.22496E+00	 4.07471E+00	 2.89984E+00	 3.23595E+00	 2.38849E+00	 1.95197E+00	 1.94878E+00	 1.57100E+00	 3.11304E+00	 2.99202E+00	 2.78332E+00	 4.36468E+00	 3.25000E+00	 1.74453E+00	 1.91363E+00	 2.50000E+00	 2.40691E+00	 1.92945E+00	 2.21158E+00	 1.71158E+00	 2.67068E+00	 2.11827E+00	 3.39835E+00	 3.69368E+00	 2.74360E+00	 3.02998E+00	 2.22252E+00	 1.75000E+00	 3.69365E+00	 2.89278E+00	 2.80952E+00	 2.57035E+00	 2.15752E+00	 1.68613E+00	 3.28352E+00	 1.65262E+00	 2.91228E+00	 2.20634E+00	 1.67659E+00	 2.40117E+00	 1.68728E+00	 2.96247E+00	 2.59787E+00
 2.14046E+00	 2.50000E+00	 2.50000E+00	 3.47496E+00	 3.67488E+00	 2.69242E+00	 3.57846E+00	 1.63714E+00	 2.25000E+00	 2.87899E+00	 1.92483E+00	 2.68280E+00	 2.30235E+00	 2.50000E+00	 2.18738E+00	 1.68641E+00	 1.68111E+00	 3.33376E+00	 2.81585E+00	 1.25000E+00	 2.45703E+00	 2.98719E+00	 1.50000E+00	 1.75000E+00	 3.30825E+00	 3.18932E+00	 1.94357E+00	 3.16143E+00	 2.16143E+00	 1.69992E+00	 1.47309E+00	 2.48654E+00	 3.37863E+00	 1.74375E+00	 1.70300E+00	 2.25000E+00	 2.51431E+00	 1.61841E+00	 1.50000E+00	 9.15240E-01	 2.25000E+00	 2.17178E+00	 2.91705E+00	 2.22182E+00	 3.00000E+00	 2.80235E+00	 1.49039E+00	 2.38367E+00	 1.73123E+00	 1.73079E+00	 2.92965E+00	 3.21163E+00	 2.78837E+00	 2.21157E+00	 2.32139E+00	 1.73749E+00	 2.95619E+00	 2.40600E+00	 2.76068E+00	 1.67661E+00	 2.42661E+00
 1.73151E+00	 2.14315E+00	 2.69357E+00	 1.41524E+00	 1.88725E+00	 2.35619E+00	 3.61590E+00	 2.18743E+00	 1.69877E+00	 2.50000E+00	 3.73209E+00	 2.88051E+00	 2.95614E+00	 2.35317E+00	 2.14646E+00	 2.53332E+00	 1.75000E+00	 2.70956E+00	 1.23079E+00	 2.82860E+00	 2.75563E+00	 2.14666E+00	 1.75000E+00	 2.16050E+00	 1.96802E+00	 2.23749E+00	 3.21247E+00	 2.97138E+00	 2.34899E+00	 1.85722E+00	 2.75000E+00	 2.99572E+00	 4.18280E+00	 1.46247E+00	 2.44995E+00	 2.75000E+00	 2.86949E+00	 1.69881E+00	 3.23209E+00	 2.50000E+00	 2.73080E+00	 2.95300E+00	 2.86827E+00	 1.25000E+00	 2.05869E+00	 2.91705E+00	 2.72182E+00	 2.41590E+00	 1.93743E+00	 2.21242E+00	 1.93111E+00	 2.46799E+00	 2.75000E+00	 2.12101E+00	 2.72121E+00	 3.50000E+00	 2.59565E+00	 2.56044E+00	 1.72185E+00	 3.07216E+00	 2.88410E+00
 2.62346E+00	 2.60863E+00	 2.74913E+00	 2.17490E+00	 3.42784E+00	 3.53467E+00	 2.94658E+00	 2.74161E+00	 3.59966E+00	 2.57055E+00	 1.71034E+00	 2.00000E+00	 2.73209E+00	 2.81787E+00	 2.93205E+00	 2.40613E+00	 2.36949E+00	 2.34309E+00	 2.59588E+00	 3.00000E+00	 2.39278E+00	 3.71246E+00	 3.19357E+00	 2.25566E+00	 3.18893E+00	 3.01405E+00	 2.73400E+00	 2.66834E+00	 3.07455E+00	 2.68099E+00	 2.98079E+00	 3.00000E+00	 1.90578E+00	 2.58048E+00	 1.95619E+00	 2.53093E+00	 3.50000E+00	 2.59957E+00	 3.68040E+00	 2.82474E+00	 1.90613E+00	 4.65262E+00	 1.75000E+00	 1.72634E+00	 1.90117E+00	 2.37863E+00	 2.50000E+00	 1.21871E+00	 2.89483E+00	 3.04221E+00	 2.75000E+00	 3.35619E+00	 3.18728E+00	 2.70829E+00	 1.26643E+00	 1.50000E+00	 3.73124E+00	 3.18893E+00	 2.19370E+00	 3.12863E+00	 3.25000E+00
 1.14947E+00	 2.41070E+00	 2.25000E+00	 1.14947E+00	 1.88484E+00	 1.75000E+00	 1.97760E+00	 2.20619E+00	 2.07455E+00	 1.91547E+00	 2.61151E+00	 2.50000E+00	 1.54885E+00	 2.82341E+00	 3.77998E+00	 3.42945E+00	 2.96246E+00	 2.35834E+00	 2.34966E+00	 3.45871E+00	 3.11785E+00	 1.04171E+00	 2.97439E+00	 2.24360E+00	 3.01595E+00	 1.49360E+00	 2.71798E+00	 2.98323E+00	 1.43956E+00	 2.21802E+00	 2.50000E+00	 3.30869E+00	 1.85863E+00	 2.85320E+00	 2.92319E+00	 1.48080E+00	 2.65405E+00	 2.65578E+00	 2.83071E+00	 2.19357E+00	 4.27502E+00	 2.32139E+00	 2.82774E+00	 2.60116E+00	 1.43428E+00	 2.22302E+00	 1.96245E+00	 2.58071E+00	 2.99671E+00	 2.90034E+00	 2.23124E+00	 1.52698E+00	 2.52022E+00	 2.69362E+00	 2.93743E+00	 4.59966E+00	 2.07776E+00	 2.26463E+00	 2.47809E+00	 3.02862E+00	 2.98209E+00
 2.00000E+00	 2.12137E+00	 1.97634E+00	 2.95107E+00	 3.16952E+00	 2.54129E+00	 3.00000E+00	 2.00000E+00	 1.69250E+00	 1.65600E+00	 1.50000E+00	 2.18414E+00	 2.67488E+00	 2.00000E+00	 2.25000E+00	 4.35369E+00	 3.12734E+00	 3.26463E+00	 2.29297E+00	 4.75468E+00	 5.12734E+00	 4.14646E+00	 3.24913E+00	 2.93744E+00	 3.10619E+00	 3.25000E+00	 2.95352E+00	 1.97441E+00	 1.55600E+00	 2.50000E+00	 1.70206E+00	 1.72809E+00	 1.74039E+00	 1.24375E+00	 3.41143E+00	 3.25000E+00	 2.88367E+00	 2.22439E+00	 3.21648E+00	 2.36198E+00	 4.01791E+00	 2.42861E+00	 1.73899E+00	 1.25000E+00	 2.07776E+00	 2.46247E+00	 3.12346E+00	 2.62266E+00	 3.00000E+00	 2.00000E+00	 2.36575E+00	 2.29386E+00	 2.00000E+00	 2.08295E+00	 1.43295E+00	 1.75000E+00	 1.65405E+00	 2.71555E+00	 1.69242E+00	 2.18276E+00	 1.90691E+00
 3.38051E+00	 4.73405E+00	 5.41574E+00	 5.62890E+00	 4.29467E+00	 2.41209E+00	 1.99375E+00	 2.44250E+00	 2.59400E+00	 2.24375E+00	 2.85568E+00	 2.42861E+00	 1.60953E+00	 2.35317E+00	 2.37747E+00	 2.86949E+00	 4.00000E+00	 3.61317E+00	 3.08048E+00	 5.04262E+00	 8.95871E+00	 8.14679E+00	 5.54626E+00	 3.70352E+00	 3.69475E+00	 2.86198E+00	 2.23123E+00	 2.77818E+00	 2.42322E+00	 1.93815E+00	 2.00000E+00	 1.89762E+00	 1.95199E+00	 1.86198E+00	 1.00000E+00	 1.57100E+00	 1.62899E+00	 2.62899E+00	 2.40043E+00	 2.56889E+00	 1.60685E+00	 1.92861E+00	 2.19368E+00	 2.19992E+00	 3.39800E+00	 2.46163E+00	 4.25000E+00	 2.71242E+00	 4.01791E+00	 4.39835E+00	 3.70738E+00	 2.65412E+00	 2.81044E+00	 2.92341E+00	 1.45520E+00	 2.38532E+00	 2.77064E+00	 1.75000E+00	 1.81199E+00	 1.25000E+00	 1.50000E+00
 2.93029E+00	 4.35771E+00	 4.67357E+00	 6.76035E+00	 6.51311E+00	 4.20871E+00	 1.75000E+00	 1.88849E+00	 1.85953E+00	 1.49062E+00	 1.75000E+00	 3.11575E+00	 2.74360E+00	 2.32417E+00	 1.86707E+00	 2.08180E+00	 2.36317E+00	 2.19671E+00	 3.68893E+00	 7.77841E+00	 1.11481E+01	 1.43028E+01	 1.33168E+01	 1.04877E+01	 8.50000E+00	 4.41705E+00	 2.88203E+00	 1.98436E+00	 1.93613E+00	 1.87226E+00	 1.28129E+00	 2.06551E+00	 1.45619E+00	 2.46158E+00	 2.61575E+00	 3.39483E+00	 1.92784E+00	 1.86198E+00	 1.74161E+00	 1.69242E+00	 1.65117E+00	 2.95400E+00	 2.19368E+00	 2.63367E+00	 1.65893E+00	 1.69765E+00	 2.84588E+00	 3.07139E+00	 3.40117E+00	 4.13714E+00	 3.93415E+00	 2.28352E+00	 1.74572E+00	 1.91228E+00	 1.96246E+00	 2.97002E+00	 2.94004E+00	 1.71802E+00	 1.42341E+00	 1.64483E+00	 1.93728E+00
 2.43295E+00	 3.58048E+00	 6.03467E+00	 6.57339E+00	 5.48626E+00	 4.19250E+00	 2.38215E+00	 1.00000E+00	 2.41929E+00	 1.98719E+00	 2.75000E+00	 3.00000E+00	 1.92965E+00	 1.68815E+00	 1.40578E+00	 2.25000E+00	 3.33772E+00	 3.15435E+00	 5.36949E+00	 6.62089E+00	 1.26396E+01	 1.87158E+01	 2.01214E+01	 1.53104E+01	 1.01346E+01	 5.36830E+00	 3.45199E+00	 2.40955E+00	 1.71869E+00	 1.21871E+00	 1.76876E+00	 2.31572E+00	 2.23079E+00	 2.44237E+00	 2.59505E+00	 3.11633E+00	 1.97118E+00	 1.75000E+00	 2.41705E+00	 2.82412E+00	 2.83613E+00	 1.99203E+00	 2.05957E+00	 2.48080E+00	 2.19250E+00	 1.94569E+00	 1.75000E+00	 2.05008E+00	 3.39631E+00	 2.97185E+00	 2.36510E+00	 2.47121E+00	 2.75000E+00	 2.25000E+00	 1.88683E+00	 1.25000E+00	 1.93844E+00	 2.69242E+00	 1.73124E+00	 1.65600E+00	 1.94887E+00
 3.62734E+00	 4.43903E+00	 5.50000E+00	 4.75000E+00	 2.87346E+00	 3.59595E+00	 3.63801E+00	 2.78696E+00	 2.46163E+00	 2.75000E+00	 2.09938E+00	 2.31935E+00	 2.71871E+00	 2.53131E+00	 2.94765E+00	 1.70928E+00	 3.50000E+00	 4.91997E+00	 6.22634E+00	 7.15688E+00	 1.17181E+01	 1.13995E+01	 1.34751E+01	 1.31996E+01	 8.47661E+00	 9.31836E+00	 3.92357E+00	 2.20787E+00	 3.80348E+00	 1.42659E+00	 2.27429E+00	 2.75000E+00	 2.48719E+00	 2.85116E+00	 3.35568E+00	 2.67490E+00	 2.29171E+00	 2.10619E+00	 3.19881E+00	 2.46802E+00	 2.52504E+00	 2.34107E+00	 2.75000E+00	 1.74039E+00	 2.22498E+00	 2.62418E+00	 1.71869E+00	 1.96869E+00	 1.72439E+00	 3.13293E+00	 2.64137E+00	 1.38500E+00	 2.96242E+00	 2.97121E+00	 2.86785E+00	 1.43728E+00	 2.68432E+00	 1.86198E+00	 2.00000E+00	 3.21482E+00	 1.68738E+00
 4.40005E+00	 4.40668E+00	 3.09938E+00	 3.04550E+00	 2.71482E+00	 2.25000E+00	 2.11151E+00	 2.67784E+00	 3.08523E+00	 3.76101E+00	 3.94569E+00	 3.41906E+00	 3.48569E+00	 2.75000E+00	 3.28198E+00	 2.21482E+00	 2.17965E+00	 2.13714E+00	 3.71802E+00	 5.58930E+00	 4.73410E+00	 1.23234E+01	 1.13471E+01	 1.21167E+01	 1.24026E+01	 9.22661E+00	 4.29297E+00	 2.21247E+00	 3.75000E+00	 3.22634E+00	 3.06107E+00	 3.17659E+00	 3.92861E+00	 2.19160E+00	 2.77998E+00	 1.72438E+00	 1.39971E+00	 2.11198E+00	 2.98080E+00	 2.53518E+00	 2.42965E+00	 1.94878E+00	 1.50000E+00	 2.58376E+00	 1.94357E+00	 3.08071E+00	 2.80525E+00	 1.90435E+00	 2.50000E+00	 1.96869E+00	 2.00000E+00	 2.24039E+00	 2.98719E+00	 1.91070E+00	 1.56504E+00	 2.46555E+00	 2.00000E+00	 3.01374E+00	 2.72760E+00	 3.00000E+00	 3.50000E+00
 9.41574E+00	 4.42273E+00	 4.28696E+00	 3.25000E+00	 2.29171E+00	 2.10890E+00	 3.69652E+00	 6.08523E+00	 6.10029E+00	 6.79171E+00	 7.60834E+00	 5.81787E+00	 4.42874E+00	 3.51311E+00	 2.48932E+00	 3.18738E+00	 2.91590E+00	 1.68893E+00	 3.00000E+00	 3.37266E+00	 4.68066E+00	 7.77320E+00	 8.83951E+00	 9.09787E+00	 9.42068E+00	 8.25205E+00	 4.05821E+00	 3.50000E+00	 2.94877E+00	 2.75798E+00	 3.65101E+00	 4.50000E+00	 2.96802E+00	 3.16322E+00	 3.22415E+00	 2.65893E+00	 3.41524E+00	 2.99913E+00	 2.96873E+00	 2.92740E+00	 2.78198E+00	 2.52064E+00	 2.40596E+00	 2.57774E+00	 7.92617E-01	 2.46869E+00	 1.84014E+00	 2.51921E+00	 2.67945E+00	 1.67469E+00	 1.96137E+00	 1.68414E+00	 4.00518E+00	 3.69840E+00	 1.62346E+00	 2.33904E+00	 1.96648E+00	 1.97438E+00	 2.50000E+00	 3.41998E+00	 3.79221E+00
 7.68568E+00	 6.50000E+00	 4.83410E+00	 3.67490E+00	 2.75000E+00	 2.68091E+00	 5.91834E+00	 5.27998E+00	 8.16574E+00	 5.68040E+00	 5.70360E+00	 6.50000E+00	 6.08678E+00	 3.84787E+00	 2.43295E+00	 2.50000E+00	 2.26791E+00	 2.21871E+00	 1.73719E+00	 2.63696E+00	 3.76600E+00	 4.49214E+00	 5.19512E+00	 5.94362E+00	 6.13367E+00	 5.72798E+00	 4.34713E+00	 3.00000E+00	 3.37532E+00	 3.41049E+00	 4.75000E+00	 3.75518E+00	 1.93743E+00	 3.51921E+00	 2.87734E+00	 2.75000E+00	 2.43932E+00	 3.28758E+00	 2.82678E+00	 1.25000E+00	 1.88085E+00	 2.93728E+00	 3.15607E+00	 1.66241E+00	 2.77926E+00	 2.44357E+00	 1.72182E+00	 1.91820E+00	 2.90062E+00	 2.33071E+00	 2.76791E+00	 1.94671E+00	 2.00000E+00	 2.88085E+00	 3.16228E+00	 2.57139E+00	 2.50000E+00	 3.25000E+00	 2.58706E+00	 3.47438E+00	 3.37108E+00
 3.16209E+00	 3.37582E+00	 2.18743E+00	 2.35053E+00	 3.00000E+00	 3.68617E+00	 4.64166E+00	 5.90005E+00	 4.45080E+00	 6.27512E+00	 7.46668E+00	 4.30241E+00	 4.84196E+00	 4.22252E+00	 2.52889E+00	 3.66070E+00	 2.07510E+00	 2.04386E+00	 1.57455E+00	 2.15412E+00	 3.25000E+00	 2.19887E+00	 2.30996E+00	 2.08048E+00	 1.70107E+00	 3.38479E+00	 2.43428E+00	 2.36049E+00	 3.50000E+00	 3.02408E+00	 3.18414E+00	 1.93280E+00	 1.50000E+00	 1.33048E+00	 2.97498E+00	 1.66524E+00	 2.25000E+00	 1.96871E+00	 2.18738E+00	 4.16855E+00	 2.14166E+00	 2.96668E+00	 2.46251E+00	 2.58071E+00	 2.18336E+00	 1.78686E+00	 1.92154E+00	 2.47439E+00	 4.19992E+00	 2.21158E+00	 2.82750E+00	 2.49671E+00	 2.98400E+00	 2.75000E+00	 3.77064E+00	 1.74039E+00	 1.63999E+00	 1.98357E+00	 2.48123E+00	 3.30869E+00	 2.98719E+00
 2.40596E+00	 2.30427E+00	 2.71359E+00	 2.16387E+00	 4.87311E+00	 5.12369E+00	 4.85568E+00	 3.91070E+00	 3.49623E+00	 4.77926E+00	 3.09196E+00	 3.91524E+00	 3.61827E+00	 2.48436E+00	 2.93613E+00	 1.74375E+00	 2.33772E+00	 2.04885E+00	 2.16363E+00	 1.63051E+00	 2.58180E+00	 1.75000E+00	 2.35930E+00	 2.87524E+00	 2.22439E+00	 2.22498E+00	 2.38367E+00	 2.77408E+00	 3.64887E+00	 2.50000E+00	 1.49375E+00	 1.96668E+00	 3.07502E+00	 1.85053E+00	 2.45619E+00	 3.07977E+00	 1.36679E+00	 1.36841E+00	 1.74039E+00	 3.32502E+00	 4.60834E+00	 3.73932E+00	 2.88725E+00	 1.72439E+00	 1.71802E+00	 1.34045E+00	 2.23932E+00	 1.87418E+00	 3.47978E+00	 2.92659E+00	 3.41209E+00	 3.71417E+00	 3.53930E+00	 2.63051E+00	 1.20206E+00	 2.19368E+00	 3.71873E+00	 1.66839E+00	 3.00000E+00	 2.22760E+00	 1.71802E+00
 1.98569E+00	 2.09008E+00	 3.29129E+00	 3.03760E+00	 2.45619E+00	 3.00000E+00	 2.49360E+00	 3.61001E+00	 4.38215E+00	 4.75000E+00	 4.88696E+00	 4.17583E+00	 2.71725E+00	 2.59601E+00	 1.50000E+00	 1.65412E+00	 2.16228E+00	 1.75000E+00	 2.21575E+00	 1.96871E+00	 1.71242E+00	 1.97496E+00	 2.28842E+00	 1.89483E+00	 3.04129E+00	 2.88797E+00	 3.45199E+00	 3.97285E+00	 4.99692E+00	 3.60771E+00	 3.73124E+00	 2.82139E+00	 2.21799E+00	 2.00000E+00	 1.95206E+00	 2.84248E+00	 1.72498E+00	 2.06909E+00	 2.47864E+00	 3.78467E+00	 6.16096E+00	 4.31062E+00	 2.31402E+00	 2.44365E+00	 2.64683E+00	 2.38085E+00	 2.00000E+00	 1.70928E+00	 2.20787E+00	 2.98654E+00	 2.00000E+00	 1.65262E+00	 3.09966E+00	 1.95844E+00	 1.42659E+00	 9.74390E-01	 2.47498E+00	 1.96575E+00	 1.82139E+00	 2.07139E+00	 1.75000E+00
 2.61516E+00	 1.66997E+00	 2.61633E+00	 3.00000E+00	 1.72497E+00	 2.91705E+00	 2.50000E+00	 1.88215E+00	 2.50164E+00	 3.37582E+00	 2.86151E+00	 2.84404E+00	 2.84404E+00	 1.99885E+00	 2.46799E+00	 1.89166E+00	 2.18213E+00	 2.11516E+00	 2.18617E+00	 2.43111E+00	 2.39971E+00	 2.14971E+00	 3.25000E+00	 2.00000E+00	 1.84309E+00	 3.09309E+00	 2.20844E+00	 2.66688E+00	 2.43613E+00	 3.72798E+00	 3.09899E+00	 2.64166E+00	 1.75000E+00	 2.16839E+00	 1.75000E+00	 3.00000E+00	 3.47182E+00	 2.83453E+00	 1.97182E+00	 3.38215E+00	 4.23569E+00	 2.81909E+00	 3.25000E+00	 2.92341E+00	 2.34653E+00	 1.70107E+00	 1.14887E+00	 2.66524E+00	 2.97760E+00	 2.16834E+00	 2.14754E+00	 1.46871E+00	 2.20307E+00	 1.74360E+00	 2.08706E+00	 3.69237E+00	 2.87899E+00	 1.93280E+00	 1.50000E+00	 1.99375E+00	 2.16839E+00
 2.96575E+00	 2.74482E+00	 2.86575E+00	 3.07531E+00	 1.92326E+00	 3.05825E+00	 4.30241E+00	 2.12456E+00	 2.25000E+00	 3.97634E+00	 2.63532E+00	 1.61198E+00	 3.43336E+00	 5.07098E+00	 6.02202E+00	 3.96555E+00	 3.45787E+00	 3.24489E+00	 4.09709E+00	 3.22182E+00	 1.73749E+00	 1.16387E+00	 1.34008E+00	 1.87689E+00	 2.05840E+00	 2.22441E+00	 2.81889E+00	 3.08476E+00	 3.48683E+00	 2.59885E+00	 3.04943E+00	 1.98400E+00	 2.87863E+00	 2.47439E+00	 2.99489E+00	 2.11856E+00	 2.24039E+00	 3.52320E+00	 1.91070E+00	 2.96242E+00	 1.97760E+00	 2.23079E+00	 2.00000E+00	 1.84565E+00	 1.60369E+00	 1.83410E+00	 2.16855E+00	 2.00000E+00	 1.43738E+00	 2.68613E+00	 2.88802E+00	 2.75000E+00	 3.00000E+00	 1.91929E+00	 3.06664E+00	 2.50000E+00	 2.73654E+00	 2.63297E+00	 2.42588E+00	 2.56044E+00	 1.97252E+00
 2.39447E+00	 2.61590E+00	 2.97302E+00	 1.96802E+00	 2.73436E+00	 1.98749E+00	 2.81199E+00	 2.14381E+00	 2.23400E+00	 2.25000E+00	 2.85568E+00	 2.46444E+00	 4.61949E+00	 5.89208E+00	 8.11992E+00	 7.49733E+00	 5.79626E+00	 5.69604E+00	 5.40262E+00	 2.71304E+00	 1.75000E+00	 4.00000E+00	 2.48749E+00	 2.65578E+00	 2.16855E+00	 2.98932E+00	 1.80241E+00	 2.12783E+00	 1.98080E+00	 1.66387E+00	 2.50000E+00	 2.87899E+00	 2.40412E+00	 2.60320E+00	 2.25000E+00	 2.62700E+00	 2.13714E+00	 2.86427E+00	 2.88490E+00	 2.25000E+00	 1.67326E+00	 2.90596E+00	 2.12101E+00	 1.70928E+00	 1.23719E+00	 2.54732E+00	 2.68597E+00	 1.74039E+00	 2.89984E+00	 2.21158E+00	 2.33706E+00	 3.25000E+00	 2.34014E+00	 2.15262E+00	 3.00000E+00	 1.60899E+00	 2.64483E+00	 2.47798E+00	 1.41524E+00	 2.19131E+00	 4.09713E+00
 1.77818E+00	 3.19759E+00	 2.13173E+00	 3.25000E+00	 2.87582E+00	 2.22496E+00	 2.72497E+00	 2.19995E+00	 2.75000E+00	 3.17583E+00	 4.35771E+00	 5.84045E+00	 7.04815E+00	 1.01525E+01	 1.47473E+01	 1.02204E+01	 5.93467E+00	 7.28352E+00	 2.77408E+00	 3.08678E+00	 3.25000E+00	 2.19671E+00	 1.63085E+00	 3.20197E+00	 3.29700E+00	 3.19004E+00	 2.23124E+00	 3.67068E+00	 3.44652E+00	 2.24375E+00	 2.50000E+00	 2.25000E+00	 3.23719E+00	 3.88085E+00	 1.75000E+00	 3.21799E+00	 2.40399E+00	 2.58071E+00	 3.50000E+00	 1.72182E+00	 3.21304E+00	 3.67023E+00	 2.10506E+00	 2.44986E+00	 2.94357E+00	 1.42483E+00	 2.50468E+00	 3.75518E+00	 2.64800E+00	 2.29943E+00	 2.96242E+00	 2.46245E+00	 3.13802E+00	 3.23079E+00	 1.39140E+00	 2.33453E+00	 2.55431E+00	 2.00000E+00	 3.50493E+00	 6.39680E+00	 5.51553E+00
 3.27429E+00	 2.53064E+00	 1.19986E+00	 1.47118E+00	 3.00000E+00	 3.16524E+00	 1.79213E+00	 2.30632E+00	 2.48719E+00	 2.67023E+00	 4.74572E+00	 4.74733E+00	 7.72396E+00	 7.11633E+00	 9.23569E+00	 5.58161E+00	 5.46668E+00	 4.96668E+00	 3.29262E+00	 2.85369E+00	 2.78266E+00	 2.46799E+00	 1.71799E+00	 1.97441E+00	 2.25000E+00	 3.00000E+00	 3.10863E+00	 3.35912E+00	 2.39047E+00	 3.37899E+00	 4.14483E+00	 2.47760E+00	 3.48142E+00	 1.50000E+00	 2.42154E+00	 2.37476E+00	 2.61317E+00	 2.83453E+00	 1.69887E+00	 1.16839E+00	 3.36703E+00	 2.50000E+00	 1.93743E+00	 2.82678E+00	 3.56586E+00	 2.64835E+00	 1.64166E+00	 1.27064E+00	 2.50000E+00	 2.10568E+00	 2.94239E+00	 2.74836E+00	 2.97496E+00	 2.50000E+00	 2.12793E+00	 2.73436E+00	 3.40614E+00	 2.50000E+00	 4.16070E+00	 8.74144E+00	 8.46543E+00
 1.74375E+00	 2.45703E+00	 2.73124E+00	 3.48749E+00	 1.73749E+00	 1.70619E+00	 2.30119E+00	 2.09975E+00	 2.23719E+00	 3.71137E+00	 2.42154E+00	 3.17154E+00	 4.18415E+00	 4.02366E+00	 4.02408E+00	 3.97827E+00	 2.69840E+00	 2.73400E+00	 3.71160E+00	 2.50000E+00	 1.98079E+00	 1.39166E+00	 2.15600E+00	 2.58161E+00	 2.45614E+00	 3.04475E+00	 2.74202E+00	 2.43815E+00	 2.28082E+00	 3.18738E+00	 4.02064E+00	 2.00000E+00	 2.21163E+00	 2.16547E+00	 2.23400E+00	 2.00000E+00	 3.17469E+00	 2.60834E+00	 1.68613E+00	 1.74375E+00	 1.50000E+00	 1.68111E+00	 1.68744E+00	 1.87468E+00	 2.17861E+00	 2.26791E+00	 3.25000E+00	 1.75000E+00	 2.25000E+00	 2.61841E+00	 2.95619E+00	 2.91590E+00	 2.00000E+00	 1.87266E+00	 1.50000E+00	 2.45361E+00	 2.13461E+00	 3.88367E+00	 5.69791E+00	 9.08933E+00	 1.13471E+01
 1.98123E+00	 1.96137E+00	 4.66952E+00	 2.68932E+00	 2.89631E+00	 2.22185E+00	 3.25000E+00	 2.96137E+00	 1.79639E+00	 8.93150E-01	 3.02320E+00	 1.98400E+00	 1.87456E+00	 1.56107E+00	 1.50000E+00	 2.66070E+00	 2.25000E+00	 3.31551E+00	 3.38051E+00	 2.25000E+00	 3.26374E+00	 2.61559E+00	 1.82100E+00	 7.27601E-01	 1.25000E+00	 3.06387E+00	 1.98124E+00	 1.69365E+00	 2.11915E+00	 2.25961E+00	 1.89447E+00	 2.09008E+00	 2.01317E+00	 1.95206E+00	 2.73079E+00	 2.55005E+00	 2.46799E+00	 2.00000E+00	 3.50468E+00	 1.88730E+00	 1.31208E+00	 1.12089E+00	 3.25000E+00	 2.22498E+00	 2.48969E+00	 3.07339E+00	 2.23080E+00	 2.70307E+00	 2.09899E+00	 2.75000E+00	 2.25727E+00	 2.18932E+00	 2.98719E+00	 2.76734E+00	 2.65262E+00	 1.87863E+00	 2.27882E+00	 3.71240E+00	 4.08476E+00	 1.07500E+01	 9.00000E+00
 2.22496E+00	 2.81185E+00	 2.55750E+00	 2.48932E+00	 2.60722E+00	 1.71555E+00	 2.45307E+00	 2.70300E+00	 1.57139E+00	 2.04600E+00	 2.84938E+00	 2.00000E+00	 2.19242E+00	 1.67341E+00	 2.42488E+00	 3.27191E+00	 3.00000E+00	 4.40262E+00	 4.40412E+00	 4.36317E+00	 1.75000E+00	 2.19986E+00	 2.12582E+00	 9.75923E-01	 1.94512E+00	 2.41041E+00	 2.22809E+00	 1.75000E+00	 1.66839E+00	 2.16363E+00	 1.91363E+00	 2.15405E+00	 2.56795E+00	 2.38410E+00	 3.14947E+00	 2.17488E+00	 2.43414E+00	 1.55957E+00	 2.46314E+00	 2.16705E+00	 3.04893E+00	 1.74360E+00	 2.71931E+00	 2.44237E+00	 1.42872E+00	 1.86575E+00	 2.89137E+00	 2.03266E+00	 1.71802E+00	 2.24375E+00	 2.25428E+00	 2.45206E+00	 4.64971E+00	 2.15101E+00	 2.76791E+00	 1.67784E+00	 2.80241E+00	 2.22252E+00	 5.25000E+00	 6.25000E+00	 7.01101E+00
 2.34653E+00	 2.72438E+00	 2.91524E+00	 2.19995E+00	 1.73749E+00	 2.12532E+00	 1.86317E+00	 2.13730E+00	 1.99203E+00	 2.25000E+00	 2.56199E+00	 2.36468E+00	 3.00000E+00	 2.16705E+00	 2.26068E+00	 1.72496E+00	 3.75000E+00	 3.89947E+00	 5.69840E+00	 5.26692E+00	 2.90495E+00	 2.52998E+00	 1.70614E+00	 2.21555E+00	 2.44878E+00	 2.25000E+00	 3.46482E+00	 2.21802E+00	 2.77366E+00	 2.05241E+00	 2.10899E+00	 1.93932E+00	 1.13159E+00	 1.25000E+00	 1.75000E+00	 1.98436E+00	 1.75000E+00	 1.62456E+00	 1.75000E+00	 2.00000E+00	 3.42178E+00	 2.19881E+00	 2.89447E+00	 1.64447E+00	 2.00000E+00	 2.14971E+00	 2.18205E+00	 2.00000E+00	 2.00000E+00	 2.21799E+00	 1.93598E+00	 3.12266E+00	 2.93807E+00	 2.30241E+00	 2.64343E+00	 2.25566E+00	 1.98405E+00	 1.86992E+00	 2.71871E+00	 3.41049E+00	 2.63085E+00
 2.39483E+00	 1.47496E+00	 2.03198E+00	 2.00000E+00	 2.00000E+00	 2.94840E+00	 2.52191E+00	 1.00000E+00	 9.90395E-01	 1.23719E+00	 2.71802E+00	 1.91476E+00	 2.43428E+00	 1.96160E+00	 1.92023E+00	 2.33295E+00	 2.84248E+00	 4.50000E+00	 4.41096E+00	 4.38573E+00	 4.02998E+00	 2.42322E+00	 3.11785E+00	 9.24877E-01	 1.50000E+00	 1.75000E+00	 1.83145E+00	 1.70206E+00	 7.40617E-01	 2.06208E+00	 2.86500E+00	 2.80635E+00	 1.82139E+00	 2.10568E+00	 2.57216E+00	 2.46158E+00	 2.00000E+00	 1.82139E+00	 2.88173E+00	 3.12734E+00	 2.13671E+00	 3.16834E+00	 2.09309E+00	 2.21242E+00	 1.98080E+00	 6.92395E-01	 2.66070E+00	 1.50000E+00	 1.49203E+00	 2.12226E+00	 3.49482E+00	 2.98079E+00	 2.52460E+00	 2.17874E+00	 2.92226E+00	 3.08711E+00	 1.87476E+00	 1.77998E+00	 2.50000E+00	 1.66839E+00	 2.13490E+00
 3.50000E+00	 3.50000E+00	 3.61856E+00	 2.00000E+00	 2.28198E+00	 1.43744E+00	 1.68414E+00	 2.45197E+00	 2.49437E+00	 2.51920E+00	 1.93428E+00	 2.94671E+00	 1.86575E+00	 2.16363E+00	 1.70307E+00	 1.97496E+00	 3.16070E+00	 3.76791E+00	 3.16041E+00	 2.68603E+00	 3.10912E+00	 2.75000E+00	 1.49062E+00	 1.75000E+00	 2.41997E+00	 1.48123E+00	 2.11151E+00	 1.83071E+00	 2.32098E+00	 2.36856E+00	 1.71245E+00	 2.97185E+00	 1.86468E+00	 2.14775E+00	 1.50000E+00	 3.00727E+00	 3.01595E+00	 1.95619E+00	 1.86049E+00	 2.98654E+00	 2.67068E+00	 1.98123E+00	 2.43598E+00	 1.77202E+00	 2.57098E+00	 2.65347E+00	 1.67326E+00	 1.83376E+00	 1.00000E+00	 1.93449E+00	 3.23899E+00	 2.94995E+00	 3.94986E+00	 2.80014E+00	 1.79893E+00	 1.82023E+00	 2.23079E+00	 2.79600E+00	 1.33711E+00	 1.49360E+00	 1.72809E+00
 2.97634E+00	 2.85165E+00	 3.14646E+00	 3.51431E+00	 2.72185E+00	 1.65607E+00	 1.47182E+00	 3.91855E+00	 2.19986E+00	 2.42488E+00	 2.54639E+00	 3.32128E+00	 4.49949E-01	 2.46246E+00	 2.00000E+00	 1.37899E+00	 2.30241E+00	 1.98266E+00	 4.63500E+00	 3.05755E+00	 2.70708E+00	 1.80275E+00	 2.94604E+00	 2.66237E+00	 3.16997E+00	 2.22498E+00	 2.50000E+00	 2.19362E+00	 1.63714E+00	 2.72396E+00	 2.39947E+00	 3.25000E+00	 5.60029E+00	 4.01734E+00	 3.23357E+00	 2.95520E+00	 1.00000E+00	 1.89343E+00	 3.48123E+00	 2.16041E+00	 2.33295E+00	 2.50000E+00	 4.44992E+00	 2.24144E+00	 2.00000E+00	 1.54885E+00	 3.09400E+00	 3.25000E+00	 2.75000E+00	 1.73124E+00	 3.85722E+00	 2.87226E+00	 1.98079E+00	 2.22118E+00	 3.16475E+00	 2.68815E+00	 3.76600E+00	 2.43428E+00	 2.19992E+00	 3.29467E+00	 3.11841E+00
 1.96482E+00	 1.25000E+00	 2.42861E+00	 2.71246E+00	 1.97680E+00	 2.14278E+00	 2.72497E+00	 3.37476E+00	 3.25000E+00	 3.25000E+00	 3.00000E+00	 1.73749E+00	 2.20300E+00	 1.48400E+00	 2.50000E+00	 2.57341E+00	 4.32341E+00	 2.63173E+00	 2.10953E+00	 2.74532E+00	 2.68295E+00	 2.26251E+00	 2.08950E+00	 3.17068E+00	 3.50000E+00	 2.47182E+00	 2.83678E+00	 1.19887E+00	 3.77191E+00	 3.15062E+00	 4.53966E+00	 4.74733E+00	 3.24913E+00	 3.48626E+00	 3.00267E+00	 2.42659E+00	 3.14631E+00	 2.05396E+00	 2.76877E+00	 2.23932E+00	 2.18744E+00	 1.73209E+00	 1.44877E+00	 1.89775E+00	 2.43111E+00	 2.71251E+00	 2.79221E+00	 4.54213E+00	 1.73080E+00	 2.33706E+00	 3.25000E+00	 4.87734E+00	 1.97121E+00	 2.66070E+00	 1.75000E+00	 2.84107E+00	 2.71798E+00	 1.50000E+00	 1.39971E+00	 2.75000E+00	 2.57531E+00
